Exam No.
     1

    10    10    10    10
     1     1     2     2
     1     2     3     4
     0     0     5     6

    'MaxMarks'
    'ClassAverage'
    '%Attainment'

   10.0000   10.0000   10.0000   10.0000   40.0000
    7.8824    7.4314    7.3922    6.4706   29.1765
   78.8235   74.3137   73.9216   64.7059   72.9412

CO1 Attainment=78.823529
CO2 Attainment=74.313725
CO3 Attainment=73.921569
CO4 Attainment=64.705882
CO5 Attainment=73.921569
CO6 Attainment=64.705882
OAAP=72.941176
Exam No.
     2

    20
     6
     1
     2
     3
     4
     5
     6

    'MaxMarks'
    'ClassAverage'
    '%Attainment'

   20.0000   20.0000
   15.4706   15.4706
   77.3529   77.3529

CO1 Attainment=77.352941
CO2 Attainment=77.352941
CO3 Attainment=77.352941
CO4 Attainment=77.352941
CO5 Attainment=77.352941
CO6 Attainment=77.352941
OAAP=77.352941
Exam No.
     3

     5     5     5     2     3     5     5     5     5
     1     1     1     1     1     1     1     1     1
     1     2     3     3     5     6     5     4     6

    'MaxMarks'
    'ClassAverage'
    '%Attainment'

    5.0000    5.0000    5.0000    2.0000    3.0000    5.0000    5.0000    5.0000    5.0000   40.0000
    3.1569    0.3137    3.4118    0.3137    2.9412    3.7451    3.8824    3.8039    2.9216   24.4902
   63.1373    6.2745   68.2353   15.6863   98.0392   74.9020   77.6471   76.0784   58.4314   61.2255

CO1 Attainment=63.137255
CO2 Attainment=6.274510
CO3 Attainment=53.221289
CO4 Attainment=76.078431
CO5 Attainment=85.294118
CO6 Attainment=66.666667
OAAP=61.225490
Total marks exam wise=
    32    16    17    65
    36    18    36    90
    22    15    27    64
    27    15    28    70
    29    17    28    74
    31    16    29    76
    36    18    36    90
    29    17    28    74
    30    15    27    72
    34    17    29    80
    33    15    24    72
    31    16    23    70
    26    15    19    60
    30    15    25    70
    31    16    27    74
    23    17    27    67
    28    16    23    67
    30    17    26    73
    31    17    26    74
    31    17    22    70
    22    17    21    60
    33    16    22    71
    31    15    21    67
    30    15    25    70
    31    15    26    72
    28    14    25    67
    28    16    26    70
    26    15    29    70
    31    15    20    66
    28    14    22    64
    30    14    22    66
    30    15    19    64
    21    15    26    62
    30    15    25    70
    34    14    29    77
    31    15    26    72
    31    13    23    67
    32    15    18    65
    25    19    22    66
    28    15    24    67
    27    14    19    60
    26    14    25    65
    29    13    25    67
    30    16    24    70
    29    15    26    70
    29    15    23    67
    26    14    24    64
    32    13    25    70
    21    15    15    51
    30    18    24    72
    29    15    21    65

Students score CIE for threshold=100.000000
Students score SEE for threshold=80.392157
Maximum marks assigned to COs in examinations=
   10.0000    3.3333   13.3333    5.0000   18.3333
   10.0000    3.3333   13.3333    5.0000   18.3333
    5.0000    3.3333    8.3333    7.0000   15.3333
    5.0000    3.3333    8.3333    5.0000   13.3333
    5.0000    3.3333    8.3333    8.0000   16.3333
    5.0000    3.3333    8.3333   10.0000   18.3333
   40.0000   20.0000   60.0000   40.0000  100.0000

Actual marks obtained to COS in the examinations=
    7.8824    2.5784   10.4608    3.1569   13.6176
    7.4314    2.5784   10.0098    0.3137   10.3235
    3.6961    2.5784    6.2745    3.7255   10.0000
    3.2353    2.5784    5.8137    3.8039    9.6176
    3.6961    2.5784    6.2745    6.8235   13.0980
    3.2353    2.5784    5.8137    6.6667   12.4804
   29.1765   15.4706   44.6471   24.4902   69.1373

CO attainment, % in examinations=
   78.8235   77.3529   78.4559   63.1373   74.2781
   74.3137   77.3529   75.0735    6.2745   56.3102
   73.9216   77.3529   75.2941   53.2213   65.2174
   64.7059   77.3529   69.7647   76.0784   72.1324
   73.9216   77.3529   75.2941   85.2941   80.1921
   64.7059   77.3529   69.7647   66.6667   68.0749
   72.9412   77.3529   74.4118   61.2255   69.1373

CO attainment on scale of 3=
    2.3647    2.3206    2.3537    1.8941    2.2283
    2.2294    2.3206    2.2522    0.1882    1.6893
    2.2176    2.3206    2.2588    1.5966    1.9565
    1.9412    2.3206    2.0929    2.2824    2.1640
    2.2176    2.3206    2.2588    2.5588    2.4058
    1.9412    2.3206    2.0929    2.0000    2.0422
    2.1882    2.3206    2.2324    1.8368    2.0741

Total CO Attainment=
   74.2781   95.0800   76.3583
   56.3102   95.0800   60.1871
   65.2174   97.5000   68.4457
   72.1324   95.0000   74.4191
   80.1921   93.0000   81.4729
   68.0749   94.0000   70.6674

Total CO Attainment on scale of 3=
    2.2283    2.8524    2.2907
    1.6893    2.8524    1.8056
    1.9565    2.9250    2.0534
    2.1640    2.8500    2.2326
    2.4058    2.7900    2.4442
    2.0422    2.8200    2.1200

CO attainment gap on scale of 3=
    3.0000    2.2907    0.7093
    3.0000    1.8056    1.1944
    3.0000    2.0534    0.9466
    3.0000    2.2326    0.7674
    3.0000    2.4442    0.5558
    3.0000    2.1200    0.8800

CO1 Attainment Result=Target not attained. Improvements must be planned to increase attainment next time.
CO2 Attainment Result=Target not attained. Improvements must be planned to increase attainment next time.
CO3 Attainment Result=Target not attained. Improvements must be planned to increase attainment next time.
CO4 Attainment Result=Target not attained. Improvements must be planned to increase attainment next time.
CO5 Attainment Result=Target not attained. Improvements must be planned to increase attainment next time.
CO6 Attainment Result=Target not attained. Improvements must be planned to increase attainment next time.
PO Mapping strength=
    1.0000         0         0         0         0         0         0         0         0         0         0         0    1.0000         0
         0    2.0000         0         0         0         0         0         0         0         0         0         0    2.0000         0
         0    3.0000         0         0         0         0         0         0         0         0         0         0    3.0000         0
         0         0    3.0000         0         0         0         0         0         0         0         0         0    3.0000         0
    1.0000         0    3.0000         0         0         0         0         0         0         0         0         0    2.0000         0
    1.0000         0         0         0         0         0    2.0000         0         0         0         0         0    1.5000         0
    1.0000    2.5000    3.0000         0         0         0    2.0000         0         0         0         0         0    2.0833         0

Actual PO Attainment level=
    0.7636         0         0         0         0         0         0         0         0         0         0         0    0.7636         0
         0    1.2037         0         0         0         0         0         0         0         0         0         0    1.2037         0
         0    2.0534         0         0         0         0         0         0         0         0         0         0    2.0534         0
         0         0    2.2326         0         0         0         0         0         0         0         0         0    2.2326         0
    0.8147         0    2.4442         0         0         0         0         0         0         0         0         0    1.6295         0
    0.7067         0         0         0         0         0    1.4133         0         0         0         0         0    1.0600         0
    0.7617    1.6286    2.3384         0         0         0    1.4133         0         0         0         0         0    1.4905         0

Actual PO Attainment,%=
   25.4528         0         0         0         0         0         0         0         0         0         0         0   25.4528         0
         0   40.1248         0         0         0         0         0         0         0         0         0         0   40.1248         0
         0   68.4457         0         0         0         0         0         0         0         0         0         0   68.4457         0
         0         0   74.4191         0         0         0         0         0         0         0         0         0   74.4191         0
   27.1576         0   81.4729         0         0         0         0         0         0         0         0         0   54.3152         0
   23.5558         0         0         0         0         0   47.1116         0         0         0         0         0   35.3337         0
   25.3887   54.2852   77.9460         0         0         0   47.1116         0         0         0         0         0   49.6819         0

